148
85
183
89
116
78
110
168
139
166
118
107
103
115
126
99
196
119
143
125
147
97
145
117
109
158
88
92
122
103
138
102
90
111
180
133
106
171
159
146
71
103
103
101
88
176
150
73
187
100
105
133
44
141
114
99
109
109
95
146
100
139
126
129
79
62
95
112
113
83
101
137
110
106
100
136
107
80
123
81
134
142
144
92
71
93
122
163
151
125
81
85
126
96
144
83
95
171
89
76
160
146
124
78
97
99
162
111
107
113
88
120
118
117
105
173
122
170
84
96
125
100
93
129
105
128
106
108
108
154
57
106
147
90
136
114
156
188
152
99
109
88
163
151
102
114
100
131
104
148
120
110
111
102
134
79
75
179
85
143
130
87
119
73
141
194
128
109
139
111
123
159
85
158
105
107
109
148
113
138
108
99
103
111
196
162
96
184
81
147
179
140
112
151
109
125
85
112
158
142
100
87
101
162
117
142
134
79
122
74
171
181
179
164
104
91
91
139
119
146
184
122
124
111
106
129
90
86
92
113
111
114
193
155
191
95
142
123
96
128
102
101
108
122
71
106
100
106
104
114
108
146
129
133
161
108
136
119
96
108
78
107
128
128
161
151
146
126
100
112
144
77
115
150
120
161
137
128
124
80
106
155
113
109
112
99
182
115
194
129
112
124
152
112
157
122
179
102
105
87
106
95
165
115
152
178
130
95
122
95
126
139
99
92
137
61
90
90
165
125
88
196
189
158
103
146
147
99
124
101
81
133
84
105
122
140
98
87
156
93
107
105
109
90
125
119
116
105
144
100
100
166
131
116
158
96
131
82
193
95
137
136
72
168
123
115
101
197
102
112
143
143
138
97
144
83
129
119
94
102
115
151
184
181
135
95
89
80
139
90
140
147
97
107
189
83
117
108
117
100
95
104
120
82
134
91
100
175
135
86
148
120
71
74
88
115
124
74
97
154
144
137
119
136
114
137
105
114
126
132
158
123
85
84
135
173
99
194
83
89
99
125
166
110
81
195
154
117
84
94
96
75
180
130
84
120
84
139
91
91
99
163
145
125
76
129
68
124
130
125
87
97
116
117
111
122
107
86
77
105
57
127
129
100
128
90
84
88
186
187
131
164
189
116
84
114
88
84
124
97
110
103
85
125
198
87
99
91
95
99
92
154
121
78
130
111
98
143
119
108
118
133
151
109
121
100
93
143
103
176
111
112
132
123
188
67
89
173
109
108
124
150
124
181
92
152
111
106
174
168
105
138
106
117
68
112
112
183
94
108
90
125
132
128
94
114
102
111
128
92
104
104
94
97
100
102
128
147
103
167
179
136
107
91
117
123
120
106
101
120
127
80
162
199
167
145
115
112
111
98
154
165
99
68
91
195
156
93
121
101
56
162
95
125
129
130
107
140
144
107
158
121
129
90
169
127
118
122
125
168
110
80
127
164
93
158
126
129
134
102
187
173
94
108
97
83
114
149
117
111
112
116
141
175
92
130
120
174
106
105
95
126
65
99
102
120
102
109
140
153
100
147
81
187
162
136
121
108
154
128
137
123
106
190
88
170
89
101
122
121
126
93
44

















































































































































































































































































































